date,cumulative_ios_downloads_canada,cumulative_android_downloads_canada,cumulative_total_downloads_canada,daily_ios_downloads_canada,daily_android_downloads_canada,daily_total_downloads_canada
2020-07-30,189,1909,2098,189,1909,2098
2020-07-31,326519,262575,589094,326330,260666,586996
2020-08-01,630961,386470,1017431,304442,123895,428337
2020-08-02,759283,436716,1195999,128322,50246,178568
2020-08-03,835095,483562,1318657,75812,46846,122658
2020-08-04,915198,533321,1448519,80103,49759,129862
2020-08-05,991188,566183,1557371,75990,32862,108852
2020-08-06,1050450,606189,1656639,59262,40006,99268
2020-08-07,1083421,623766,1707187,32971,17577,50548
2020-08-08,1111438,641699,1753137,28017,17933,45950
2020-08-09,1134273,656261,1790534,22835,14562,37397
2020-08-10,1157652,670518,1828170,23379,14257,37636
2020-08-11,1180279,685600,1865879,22627,15082,37709
2020-08-12,1202590,700276,1902866,22311,14676,36987
2020-08-13,1228471,717199,1945670,25881,16923,42804
2020-08-14,1253134,731277,1984411,24663,14078,38741
2020-08-15,1269716,740355,2010071,16582,9078,25660
2020-08-16,1284816,749159,2033975,15100,8804,23904
2020-08-17,1298271,756616,2054887,13455,7457,20912
2020-08-18,1310215,764226,2074441,11944,7610,19554
2020-08-19,1321066,770826,2091892,10851,6600,17451
2020-08-20,1331006,776422,2107428,9940,5596,15536
2020-08-21,1339418,781161,2120579,8412,4739,13151
2020-08-22,1347107,785278,2132385,7689,4117,11806
2020-08-23,1353791,789191,2142982,6684,3913,10597
2020-08-24,1361236,794167,2155403,7445,4976,12421
2020-08-25,1371556,801673,2173229,10320,7506,17826
2020-08-26,1381193,806912,2188105,9637,5239,14876
2020-08-27,1388372,811232,2199604,7179,4320,11499
2020-08-28,1394679,814634,2209313,6307,3402,9709
2020-08-29,1401235,818470,2219705,6556,3836,10392
2020-08-30,1407591,821831,2229422,6356,3361,9717
2020-08-31,1413532,824906,2238438,5941,3075,9016
2020-09-01,1421039,829276,2250315,7507,4370,11877
2020-09-02,1429892,834504,2264396,8853,5228,14081
2020-09-03,1448553,844382,2292935,18661,9878,28539
2020-09-04,1459526,850592,2310118,10973,6210,17183
2020-09-05,1469674,854907,2324581,10148,4315,14463
2020-09-06,1477336,858924,2336260,7662,4017,11679
2020-09-07,1485484,863122,2348606,8148,4198,12346
2020-09-08,1494902,867944,2362846,9418,4822,14240
2020-09-09,1502591,871414,2374005,7689,3470,11159
2020-09-10,1509573,874736,2384309,6982,3322,10304
2020-09-11,1517269,889467,2406736,7696,14731,22427
2020-09-12,1523394,911260,2434654,6125,21793,27918
2020-09-13,1529736,930820,2460556,6342,19560,25902
2020-09-14,1539182,948976,2488158,9446,18156,27602
2020-09-15,1547403,963747,2511150,8221,14771,22992
2020-09-16,1559161,990506,2549667,11758,26759,38517
2020-09-17,1575066,1003492,2578558,15905,12986,28891
2020-09-18,1608567,1020778,2629345,33501,17286,50787
2020-09-19,1637106,1029853,2666959,28539,9075,37614
2020-09-20,1654838,1035141,2689979,17732,5288,23020
2020-09-21,1671686,1041345,2713031,16848,6204,23052
2020-09-22,1688083,1056357,2744440,16397,15012,31409
2020-09-23,1731411,1090556,2821967,43328,34199,77527
2020-09-24,1775548,1108063,2883611,44137,17507,61644
2020-09-25,1795472,1117061,2912533,19924,8998,28922
2020-09-26,1808291,1122861,2931152,12819,5800,18619
2020-09-27,1819561,1128304,2947865,11270,5443,16713
2020-09-28,1852439,1146044,2998483,32878,17740,50618
2020-09-29,1893212,1168859,3062071,40773,22815,63588
2020-09-30,1930941,1185311,3116252,37729,16452,54181
2020-10-01,1977105,1211682,3188787,46164,26371,72535
2020-10-02,2019890,1233954,3253844,42785,22272,65057
2020-10-03,2039590,1245634,3285224,19700,11680,31380
2020-10-04,2054285,1255849,3310134,14695,10215,24910
2020-10-05,2208542,1408032,3616574,154257,152183,306440
2020-10-06,2390189,1513655,3903844,181647,105623,287270
2020-10-07,2476816,1570983,4047799,86627,57328,143955
2020-10-08,2523900,1611617,4135517,47084,40634,87718
2020-10-09,2574734,1651124,4225858,50834,39507,90341
2020-10-10,2601893,1671297,4273190,27159,20173,47332
2020-10-11,2621248,1694510,4315758,19355,23213,42568
2020-10-12,2640669,1740311,4380980,19421,45801,65222
2020-10-13,2666147,1781389,4447536,25478,41078,66556
2020-10-14,2685717,1810143,4495860,19570,28754,48324
2020-10-15,2714974,1846850,4561824,29257,36707,65964
2020-10-16,2737390,1874503,4611893,22416,27653,50069
2020-10-17,2750871,1895177,4646048,13481,20674,34155
2020-10-18,2761576,1912776,4674352,10705,17599,28304
2020-10-19,2786664,1937403,4724067,25088,24627,49715
2020-10-20,2802983,1956036,4759019,16319,18633,34952
2020-10-21,2814578,1970357,4784935,11595,14321,25916
2020-10-22,2823104,1983674,4806778,8526,13317,21843
2020-10-23,2831701,1995366,4827067,8597,11692,20289
2020-10-24,2839840,2006447,4846287,8139,11081,19220
2020-10-25,2846891,2016705,4863596,7051,10258,17309
2020-10-26,2855102,2029497,4884599,8211,12792,21003
2020-10-27,2865447,2040730,4906177,10345,11233,21578
2020-10-28,2876082,2051419,4927501,10635,10689,21324
2020-10-29,2885064,2060849,4945913,8982,9430,18412
2020-10-30,2894311,2070808,4965119,9247,9959,19206
2020-10-31,2905350,2082180,4987530,11039,11372,22411
2020-11-01,2921073,2094764,5015837,15723,12584,28307
2020-11-02,2933257,2105494,5038751,12184,10730,22914
2020-11-03,2945363,2116086,5061449,12106,10592,22698
2020-11-04,2954570,2124308,5078878,9207,8222,17429
2020-11-05,2962530,2132577,5095107,7960,8269,16229
2020-11-06,2970214,2140201,5110415,7684,7624,15308
2020-11-07,2977552,2147963,5125515,7338,7762,15100
2020-11-08,2986066,2156458,5142524,8514,8495,17009
2020-11-09,2997896,2166383,5164279,11830,9925,21755
2020-11-10,3010490,2175968,5186458,12594,9585,22179
2020-11-11,3019686,2188653,5208339,9196,12685,21881
2020-11-12,3030150,2197730,5227880,10464,9077,19541
2020-11-13,3042251,2207563,5249814,12101,9833,21934
2020-11-14,3052640,2216149,5268789,10389,8586,18975
2020-11-15,3062070,2224583,5286653,9430,8434,17864
2020-11-16,3071421,2232644,5304065,9351,8061,17412
2020-11-17,3082545,2241377,5323922,11124,8733,19857
2020-11-18,3093348,2249072,5342420,10803,7695,18498
2020-11-19,3102644,2256897,5359541,9296,7825,17121
2020-11-20,3122984,2272329,5395313,20340,15432,35772
2020-11-21,3130654,2282886,5413540,7670,10557,18227
2020-11-22,3144167,2293334,5437501,13513,10448,23961
2020-11-23,3159483,2303797,5463280,15316,10463,25779
2020-11-24,3165890,2314219,5480109,6407,10422,16829
2020-11-25,3177807,2322547,5500354,11917,8328,20245
2020-11-26,3186650,2329865,5516515,8843,7318,16161
2020-11-27,3190916,2338359,5529275,4266,8494,12760
2020-11-28,3197743,2345113,5542856,6827,6754,13581
2020-11-29,3204060,2351189,5555249,6317,6076,12393
2020-11-30,3211004,2357276,5568280,6944,6087,13031
2020-12-01,3217723,2362779,5580502,6719,5503,12222
2020-12-02,3223871,2368093,5591964,6148,5314,11462
2020-12-03,3229205,2373173,5602378,5334,5080,10414
2020-12-04,3236066,2379254,5615320,6861,6081,12942
2020-12-05,3241321,2383823,5625144,5255,4569,9824
2020-12-06,3246225,2388222,5634447,4904,4399,9303
2020-12-07,3252120,2392795,5644915,5895,4573,10468
2020-12-08,3257111,2396707,5653818,4991,3912,8903
2020-12-09,3261676,2400804,5662480,4565,4097,8662
2020-12-10,3266512,2404583,5671095,4836,3779,8615
2020-12-11,3272429,2408559,5680988,5917,3976,9893
2020-12-12,3276971,2411768,5688739,4542,3209,7751
2020-12-13,3280781,2415060,5695841,3810,3292,7102
2020-12-14,3286432,2418966,5705398,5651,3906,9557
2020-12-15,3291422,2422210,5713632,4990,3244,8234
2020-12-16,3295472,2425853,5721325,4050,3643,7693
2020-12-17,3300047,2429589,5729636,4575,3736,8311
2020-12-18,3304858,2432990,5737848,4811,3401,8212
2020-12-19,3309894,2436808,5746702,5036,3818,8854
2020-12-20,3315947,2440816,5756763,6053,4008,10061
2020-12-21,3321869,2445071,5766940,5922,4255,10177
2020-12-22,3327403,2449008,5776411,5534,3937,9471
2020-12-23,3332608,2452811,5785419,5205,3803,9008
2020-12-24,3337008,2456487,5793495,4400,3676,8076
2020-12-25,3341247,2460830,5802077,4239,4343,8582
2020-12-26,3345984,2464658,5810642,4737,3828,8565
2020-12-27,3351708,2468715,5820423,5724,4057,9781
2020-12-28,3359492,2473623,5833115,7784,4908,12692
2020-12-29,3365821,2477827,5843648,6329,4204,10533
2020-12-30,3371509,2481827,5853336,5688,4000,9688
2020-12-31,3376485,2486175,5862660,4976,4348,9324
2021-01-01,3382658,2490015,5872673,6173,3840,10013
2021-01-02,3387887,2493707,5881594,5229,3692,8921
2021-01-03,3393403,2497296,5890699,5516,3589,9105
2021-01-04,3399047,2501678,5900725,5644,4382,10026
2021-01-05,3406915,2506904,5913819,7868,5226,13094
2021-01-06,3416736,2511105,5927841,9821,4201,14022
2021-01-07,3429097,2518078,5947175,12361,6973,19334
2021-01-08,3439299,2523802,5963101,10202,5724,15926
2021-01-09,3446583,2528625,5975208,7284,4823,12107
2021-01-10,3453066,2532835,5985901,6483,4210,10693
2021-01-11,3460420,2537387,5997807,7354,4552,11906
2021-01-12,3466732,2541728,6008460,6312,4341,10653
2021-01-13,3471965,2545990,6017955,5233,4262,9495
2021-01-14,3479283,2549986,6029269,7318,3996,11314
2021-01-15,3486259,2554469,6040728,6976,4483,11459
2021-01-16,3491436,2557972,6049408,5177,3503,8680
2021-01-17,3497066,2561345,6058411,5630,3373,9003
2021-01-18,3502072,2565072,6067144,5006,3727,8733
2021-01-19,3505730,2567877,6073607,3658,2805,6463
2021-01-20,3508568,2570081,6078649,2838,2204,5042
2021-01-21,3511510,2572363,6083873,2942,2282,5224
2021-01-22,3515411,2575529,6090940,3901,3166,7067
2021-01-23,3519498,2577927,6097425,4087,2398,6485
2021-01-24,3522244,2579915,6102159,2746,1988,4734
2021-01-25,3524977,2582085,6107062,2733,2170,4903
2021-01-26,3527751,2584785,6112536,2774,2700,5474
2021-01-27,3531614,2587043,6118657,3863,2258,6121
2021-01-28,3534815,2589208,6124023,3201,2165,5366
2021-01-29,3539427,2591938,6131365,4612,2730,7342
2021-01-30,3543901,2594685,6138586,4474,2747,7221
2021-01-31,3546927,2596532,6143459,3026,1847,4873
2021-02-01,3549326,2598587,6147913,2399,2055,4454
2021-02-02,3551444,2600599,6152043,2118,2012,4130
2021-02-03,3553447,2602393,6155840,2003,1794,3797
2021-02-04,3555289,2604266,6159555,1842,1873,3715
2021-02-05,3557044,2605834,6162878,1755,1568,3323
2021-02-06,3559054,2607351,6166405,2010,1517,3527
2021-02-07,3562378,2609040,6171418,3324,1689,5013
2021-02-08,3570329,2612367,6182696,7951,3327,11278
2021-02-09,3578197,2615542,6193739,7868,3175,11043
2021-02-10,3586191,2619514,6205705,7994,3972,11966
2021-02-11,3592879,2622859,6215738,6688,3345,10033
2021-02-12,3608554,2632689,6241243,15675,9830,25505
2021-02-13,3624841,2638900,6263741,16287,6211,22498
2021-02-14,3629044,2641053,6270097,4203,2153,6356
2021-02-15,3632503,2643279,6275782,3459,2226,5685
2021-02-16,3635204,2645076,6280280,2701,1797,4498
2021-02-17,3637348,2646811,6284159,2144,1735,3879
2021-02-18,3639506,2648537,6288043,2158,1726,3884
2021-02-19,3641340,2650193,6291533,1834,1656,3490
2021-02-20,3642995,2651773,6294768,1655,1580,3235
2021-02-21,3644619,2653220,6297839,1624,1447,3071
2021-02-22,3646461,2654858,6301319,1842,1638,3480
2021-02-23,3648132,2656412,6304544,1671,1554,3225
2021-02-24,3649658,2657924,6307582,1526,1512,3038
2021-02-25,3651495,2659518,6311013,1837,1594,3431
2021-02-26,3653316,2661277,6314593,1821,1759,3580
2021-02-27,3654891,2662844,6317735,1575,1567,3142
2021-02-28,3656628,2664507,6321135,1737,1663,3400
2021-03-01,3658433,2666057,6324490,1805,1550,3355
2021-03-02,3659932,2667503,6327435,1499,1446,2945
2021-03-03,3661319,2668882,6330201,1387,1379,2766
2021-03-04,3662704,2670416,6333120,1385,1534,2919
2021-03-05,3664521,2672055,6336576,1817,1639,3456
2021-03-06,3665940,2673491,6339431,1419,1436,2855
2021-03-07,3667318,2674606,6341924,1378,1115,2493
2021-03-08,3668703,2675827,6344530,1385,1221,2606
2021-03-09,3669923,2676969,6346892,1220,1142,2362
2021-03-10,3671214,2678116,6349330,1291,1147,2438
2021-03-11,3672421,2679342,6351763,1207,1226,2433
2021-03-12,3673690,2680949,6354639,1269,1607,2876
2021-03-13,3674882,2682695,6357577,1192,1746,2938
2021-03-14,3676046,2684526,6360572,1164,1831,2995
2021-03-15,3677225,2686298,6363523,1179,1772,2951
2021-03-16,3678536,2688121,6366657,1311,1823,3134
2021-03-17,3680172,2690349,6370521,1636,2228,3864
2021-03-18,3681710,2692292,6374002,1538,1943,3481
2021-03-19,3683074,2694212,6377286,1364,1920,3284
2021-03-20,3684407,2695922,6380329,1333,1710,3043
2021-03-21,3685609,2697435,6383044,1202,1513,2715
2021-03-22,3686855,2699616,6386471,1246,2181,3427
2021-03-23,3688132,2702421,6390553,1277,2805,4082
2021-03-24,3689318,2704324,6393642,1186,1903,3089
2021-03-25,3690506,2706100,6396606,1188,1776,2964
2021-03-26,3691705,2707713,6399418,1199,1613,2812
2021-03-27,3692934,2709296,6402230,1229,1583,2812
2021-03-28,3694264,2710872,6405136,1330,1576,2906
2021-03-29,3695559,2712523,6408082,1295,1651,2946
2021-03-30,3696954,2714202,6411156,1395,1679,3074
2021-03-31,3698281,2715925,6414206,1327,1723,3050
2021-04-01,3699993,2717639,6417632,1712,1714,3426
2021-04-02,3701458,2719252,6420710,1465,1613,3078
2021-04-03,3702701,2720822,6423523,1243,1570,2813
2021-04-04,3704000,2722225,6426225,1299,1403,2702
2021-04-05,3705379,2723838,6429217,1379,1613,2992
2021-04-06,3706308,2725447,6431755,929,1609,2538
2021-04-07,3707870,2727141,6435011,1562,1694,3256
2021-04-08,3709736,2728696,6438432,1866,1555,3421
2021-04-09,3711269,2729536,6440805,1533,840,2373
2021-04-10,3712706,2730418,6443124,1437,882,2319
2021-04-11,3714755,2731609,6446364,2049,1191,3240
2021-04-12,3716659,2732636,6449295,1904,1027,2931
2021-04-13,3718368,2733655,6452023,1709,1019,2728
2021-04-14,3719872,2734519,6454391,1504,864,2368
2021-04-15,3721459,2735419,6456878,1587,900,2487
2021-04-16,3723168,2736469,6459637,1709,1050,2759
2021-04-17,3724638,2737312,6461950,1470,843,2313
2021-04-18,3725837,2738048,6463885,1199,736,1935
2021-04-19,3727224,2738939,6466163,1387,891,2278
2021-04-20,3728524,2739777,6468301,1300,838,2138
2021-04-21,3729851,2740560,6470411,1327,783,2110
2021-04-22,3731335,2741517,6472852,1484,957,2441
2021-04-23,3732724,2742432,6475156,1389,915,2304
2021-04-24,3734208,2743298,6477506,1484,866,2350
2021-04-25,3735826,2744148,6479974,1618,850,2468
2021-04-26,3737613,2745211,6482824,1787,1063,2850
2021-04-27,3739394,2746187,6485581,1781,976,2757
2021-04-28,3740941,2747070,6488011,1547,883,2430
2021-04-29,3742136,2747846,6489982,1195,776,1971
2021-04-30,3743367,2748671,6492038,1231,825,2056
2021-05-01,3744506,2749433,6493939,1139,762,1901
2021-05-02,3745720,2750200,6495920,1214,767,1981
2021-05-03,3747072,2750985,6498057,1352,785,2137
2021-05-04,3748342,2751792,6500134,1270,807,2077
2021-05-05,3749601,2752575,6502176,1259,783,2042
2021-05-06,3750769,2753404,6504173,1168,829,1997
2021-05-07,3751957,2754226,6506183,1188,822,2010
2021-05-08,3753010,2754998,6508008,1053,772,1825
2021-05-09,3753886,2755638,6509524,876,640,1516
2021-05-10,3754950,2756381,6511331,1064,743,1807
2021-05-11,3755967,2757141,6513108,1017,760,1777
2021-05-12,3756996,2757891,6514887,1029,750,1779
2021-05-13,3757990,2758558,6516548,994,667,1661
2021-05-14,3758794,2759195,6517989,804,637,1441
2021-05-15,3759480,2759762,6519242,686,567,1253
2021-05-16,3760164,2760295,6520459,684,533,1217
2021-05-17,3760925,2760912,6521837,761,617,1378
2021-05-18,3761658,2761483,6523141,733,571,1304
2021-05-19,3762383,2762119,6524502,725,636,1361
2021-05-20,3763082,2762684,6525766,699,565,1264
2021-05-21,3763776,2763251,6527027,694,567,1261
2021-05-22,3764384,2763746,6528130,608,495,1103
2021-05-23,3765072,2764262,6529334,688,516,1204
2021-05-24,3765689,2764715,6530404,617,453,1070
2021-05-25,3766338,2765185,6531523,649,470,1119
2021-05-26,3766976,2765744,6532720,638,559,1197
2021-05-27,3767710,2766608,6534318,734,864,1598
2021-05-28,3769072,2767258,6536330,1362,650,2012
2021-05-29,3769664,2767711,6537375,592,453,1045
2021-05-30,3770167,2768212,6538379,503,501,1004
2021-05-31,3770686,2768712,6539398,519,500,1019
2021-06-01,3771212,2769201,6540413,526,489,1015
2021-06-02,3771731,2769742,6541473,519,541,1060
2021-06-03,3772234,2770260,6542494,503,518,1021
2021-06-04,3772738,2770758,6543496,504,498,1002
2021-06-05,3773196,2771178,6544374,458,420,878
2021-06-06,3773633,2771548,6545181,437,370,807
2021-06-07,3774107,2772054,6546161,474,506,980
2021-06-08,3774629,2772528,6547157,522,474,996
2021-06-09,3775144,2773006,6548150,515,478,993
2021-06-10,3775642,2773498,6549140,498,492,990
2021-06-11,3776061,2773987,6550048,419,489,908
2021-06-12,3776434,2774431,6550865,373,444,817
2021-06-13,3776818,2774866,6551684,384,435,819
2021-06-14,3777313,2775389,6552702,495,523,1018
2021-06-15,3777857,2775899,6553756,544,510,1054
2021-06-16,3778362,2776400,6554762,505,501,1006
2021-06-17,3778777,2776942,6555719,415,542,957
2021-06-18,3779236,2777521,6556757,459,579,1038
2021-06-19,3779639,2777957,6557596,403,436,839
2021-06-20,3780018,2778366,6558384,379,409,788
2021-06-21,3780511,2778968,6559479,493,602,1095
2021-06-22,3781059,2779515,6560574,548,547,1095
2021-06-23,3781552,2780029,6561581,493,514,1007
2021-06-24,3781996,2780471,6562467,444,442,886
2021-06-25,3782374,2780960,6563334,378,489,867
2021-06-26,3782718,2781512,6564230,344,552,896
2021-06-27,3783079,2781996,6565075,361,484,845
2021-06-28,3783465,2782552,6566017,386,556,942
2021-06-29,3783854,2783110,6566964,389,558,947
2021-06-30,3784272,2783637,6567909,418,527,945
2021-07-01,3784665,2784030,6568695,393,393,786
2021-07-02,3785018,2784603,6569621,353,573,926
2021-07-03,3785371,2785026,6570397,353,423,776
2021-07-04,3785711,2785469,6571180,340,443,783
2021-07-05,3786350,2786124,6572474,639,655,1294
2021-07-06,3786914,2786685,6573599,564,561,1125
2021-07-07,3787412,2787288,6574700,498,603,1101
2021-07-08,3787883,2787851,6575734,471,563,1034
2021-07-09,3788358,2788456,6576814,475,605,1080
2021-07-10,3788730,2788871,6577601,372,415,787
2021-07-11,3789108,2789392,6578500,378,521,899
2021-07-12,3789588,2789981,6579569,480,589,1069
2021-07-13,3790070,2790659,6580729,482,678,1160
2021-07-14,3790466,2791155,6581621,396,496,892
2021-07-15,3790940,2791665,6582605,474,510,984
2021-07-16,3791408,2792151,6583559,468,486,954
2021-07-17,3791834,2792595,6584429,426,444,870
2021-07-18,3792243,2793001,6585244,409,406,815
2021-07-19,3792768,2793534,6586302,525,533,1058
2021-07-20,3793210,2794037,6587247,442,503,945
2021-07-21,3793704,2794598,6588302,494,561,1055
2021-07-22,3794171,2795171,6589342,467,573,1040
2021-07-23,3794668,2795689,6590357,497,518,1015
2021-07-24,3795121,2796173,6591294,453,484,937
2021-07-25,3795564,2796630,6592194,443,457,900
2021-07-26,3796027,2797132,6593159,463,502,965
2021-07-27,3796567,2797637,6594204,540,505,1045
2021-07-28,3797075,2798179,6595254,508,542,1050
2021-07-29,3797565,2798740,6596305,490,561,1051
2021-07-30,3798072,2799273,6597345,507,533,1040
2021-07-31,3798552,2799744,6598296,480,471,951
2021-08-01,3799037,2800209,6599246,485,465,950
2021-08-02,3799552,2800718,6600270,515,509,1024
2021-08-03,3800173,2801284,6601457,621,566,1187
2021-08-04,3800713,2801809,6602522,540,525,1065
2021-08-05,3801314,2802359,6603673,601,550,1151
2021-08-06,3801881,2802949,6604830,567,590,1157
2021-08-07,3802426,2803471,6605897,545,522,1067
2021-08-08,3803033,2803975,6607008,607,504,1111
2021-08-09,3803703,2804558,6608261,670,583,1253
2021-08-10,3804374,2805252,6609626,671,694,1365
2021-08-11,3805024,2805889,6610913,650,637,1287
2021-08-12,3805703,2806538,6612241,679,649,1328
2021-08-13,3806366,2807150,6613516,663,612,1275
2021-08-14,3806942,2807688,6614630,576,538,1114
2021-08-15,3807515,2808184,6615699,573,496,1069
2021-08-16,3808174,2808774,6616948,659,590,1249
2021-08-17,3808856,2809439,6618295,682,665,1347
2021-08-18,3809534,2810053,6619587,678,614,1292
2021-08-19,3810185,2810717,6620902,651,664,1315
2021-08-20,3810846,2811357,6622203,661,640,1301
2021-08-21,3811475,2811878,6623353,629,521,1150
2021-08-22,3812110,2812403,6624513,635,525,1160
2021-08-23,3812857,2813036,6625893,747,633,1380
2021-08-24,3813557,2813821,6627378,700,785,1485
2021-08-25,3814465,2815005,6629470,908,1184,2092
2021-08-26,3815286,2815990,6631276,821,985,1806
2021-08-27,3816020,2816950,6632970,734,960,1694
2021-08-28,3816683,2817785,6634468,663,835,1498
2021-08-29,3817369,2818600,6635969,686,815,1501
2021-08-30,3818104,2819759,6637863,735,1159,1894
2021-08-31,3818858,2821198,6640056,754,1439,2193
2021-09-01,3819653,2822724,6642377,795,1526,2321
2021-09-02,3820562,2823934,6644496,909,1210,2119
2021-09-03,3821328,2825030,6646358,766,1096,1862
2021-09-04,3822043,2825939,6647982,715,909,1624
2021-09-05,3822747,2826787,6649534,704,848,1552
2021-09-06,3823543,2827586,6651129,796,799,1595
2021-09-07,3824607,2828635,6653242,1064,1049,2113
2021-09-08,3825489,2829627,6655116,882,992,1874
2021-09-09,3826297,2830533,6656830,808,906,1714
2021-09-10,3827056,2831359,6658415,759,826,1585
2021-09-11,3827794,2832079,6659873,738,720,1458
2021-09-12,3828455,2832826,6661281,661,747,1408
2021-09-13,3829318,2833851,6663169,863,1025,1888
2021-09-14,3830134,2834743,6664877,816,892,1708
2021-09-15,3830925,2835672,6666597,791,929,1720
2021-09-16,3831808,2836580,6668388,883,908,1791
2021-09-17,3832581,2837439,6670020,773,859,1632
2021-09-18,3833150,2838221,6671371,569,782,1351
2021-09-19,3833777,2838911,6672688,627,690,1317
2021-09-20,3834529,2839729,6674258,752,818,1570
2021-09-21,3835390,2840690,6676080,861,961,1822
2021-09-22,3836416,2842050,6678466,1026,1360,2386
2021-09-23,3837322,2843105,6680427,906,1055,1961
2021-09-24,3838435,2844077,6682512,1113,972,2085
2021-09-25,3839218,2844888,6684106,783,811,1594
2021-09-26,3839956,2845661,6685617,738,773,1511
2021-09-27,3840827,2846497,6687324,871,836,1707
2021-09-28,3841654,2847365,6689019,827,868,1695
2021-09-29,3843202,2848139,6691341,1548,774,2322
2021-09-30,3843845,2848867,6692712,643,728,1371
2021-10-01,3844480,2849691,6694171,635,824,1459
2021-10-02,3845001,2850409,6695410,521,718,1239
2021-10-03,3845633,2851098,6696731,632,689,1321
2021-10-04,3846555,2851958,6698513,922,860,1782
2021-10-05,3847215,2852678,6699893,660,720,1380
2021-10-06,3848853,2853367,6702220,1638,689,2327
2021-10-07,3849540,2854099,6703639,687,732,1419
2021-10-08,3850178,2854904,6705082,638,805,1443
2021-10-09,3850690,2855581,6706271,512,677,1189
2021-10-10,3851175,2856192,6707367,485,611,1096
2021-10-11,3851629,2856782,6708411,454,590,1044
2021-10-12,3852175,2857581,6709756,546,799,1345
2021-10-13,3852769,2858422,6711191,594,841,1435
2021-10-14,3853429,2859474,6712903,660,1052,1712
2021-10-15,3854118,2861409,6715527,689,1935,2624
2021-10-16,3854708,2862771,6717479,590,1362,1952
2021-10-17,3855253,2863894,6719147,545,1123,1668
2021-10-18,3855849,2865353,6721202,596,1459,2055
2021-10-19,3856407,2866385,6722792,558,1032,1590
2021-10-20,3858674,2867261,6725935,2267,876,3143
2021-10-21,3859234,2868296,6727530,560,1035,1595
2021-10-22,3860801,2869437,6730238,1567,1141,2708
2021-10-23,3861301,2870244,6731545,500,807,1307
2021-10-24,3861716,2870983,6732699,415,739,1154
2021-10-25,3862699,2871761,6734460,983,778,1761
2021-10-26,3863194,2872576,6735770,495,815,1310
2021-10-27,3863691,2873259,6736950,497,683,1180
2021-10-28,3864179,2874052,6738231,488,793,1281
2021-10-29,3864615,2874822,6739437,436,770,1206
2021-10-30,3864994,2875517,6740511,379,695,1074
2021-10-31,3865368,2876051,6741419,374,534,908
2021-11-01,3865770,2876761,6742531,402,710,1112
2021-11-02,3866171,2877413,6743584,401,652,1053
2021-11-03,3866601,2878042,6744643,430,629,1059
2021-11-04,3867020,2878664,6745684,419,622,1041
2021-11-05,3867418,2879313,6746731,398,649,1047
2021-11-06,3867756,2879919,6747675,338,606,944
2021-11-07,3868121,2880510,6748631,365,591,956
2021-11-08,3868549,2881155,6749704,428,645,1073
2021-11-09,3868992,2881789,6750781,443,634,1077
2021-11-10,3870421,2882381,6752802,1429,592,2021
2021-11-11,3870933,2882996,6753929,512,615,1127
2021-11-12,3871339,2883545,6754884,406,549,955
2021-11-13,3871756,2884159,6755915,417,614,1031
2021-11-14,3872178,2884716,6756894,422,557,979
2021-11-15,3872664,2885372,6758036,486,656,1142
2021-11-16,3873099,2885992,6759091,435,620,1055
2021-11-17,3873569,2886673,6760242,470,681,1151
2021-11-18,3873966,2887356,6761322,397,683,1080
2021-11-19,3874363,2888046,6762409,397,690,1087
2021-11-20,3874849,2888828,6763677,486,782,1268
2021-11-21,3875230,2889445,6764675,381,617,998
2021-11-22,3875724,2890153,6765877,494,708,1202
2021-11-23,3876697,2890800,6767497,973,647,1620
2021-11-24,3877309,2891502,6768811,612,702,1314
2021-11-25,3877742,2892222,6769964,433,720,1153
2021-11-26,3878236,2893068,6771304,494,846,1340
2021-11-27,3878735,2893850,6772585,499,782,1281
2021-11-28,3879234,2894511,6773745,499,661,1160
2021-11-29,3880808,2895207,6776015,1574,696,2270
2021-11-30,3881727,2895952,6777679,919,745,1664
2021-12-01,3882396,2896720,6779116,669,768,1437
2021-12-02,3883194,2897439,6780633,798,719,1517
2021-12-03,3883794,2898152,6781946,600,713,1313
2021-12-04,3884437,2898863,6783300,643,711,1354
2021-12-05,3884993,2899475,6784468,556,612,1168
2021-12-06,3886671,2900139,6786810,1678,664,2342
2021-12-07,3887255,2900791,6788046,584,652,1236
2021-12-08,3888235,2901494,6789729,980,703,1683
2021-12-09,3888833,2902192,6791025,598,698,1296
2021-12-10,3889465,2903011,6792476,632,819,1451
2021-12-11,3890110,2903838,6793948,645,827,1472
2021-12-12,3890767,2904550,6795317,657,712,1369
2021-12-13,3891555,2905383,6796938,788,833,1621
2021-12-14,3892404,2906225,6798629,849,842,1691
2021-12-15,3893505,2907124,6800629,1101,899,2000
2021-12-16,3894749,2908157,6802906,1244,1033,2277
2021-12-17,3896127,2909293,6805420,1378,1136,2514
2021-12-18,3897515,2910455,6807970,1388,1162,2550
2021-12-19,3898899,2911561,6810460,1384,1106,2490
2021-12-20,3900485,2912830,6813315,1586,1269,2855
2021-12-21,3902095,2914005,6816100,1610,1175,2785
2021-12-22,3904060,2915405,6819465,1965,1400,3365
2021-12-23,3905931,2916632,6822563,1871,1227,3098
2021-12-24,3907620,2917731,6825351,1689,1099,2788
2021-12-25,3909014,2918864,6827878,1394,1133,2527
2021-12-26,3910553,2919981,6830534,1539,1117,2656
2021-12-27,3912240,2921303,6833543,1687,1322,3009
2021-12-28,3914033,2922580,6836613,1793,1277,3070
2021-12-29,3915972,2924064,6840036,1939,1484,3423
2021-12-30,3918429,2925615,6844044,2457,1551,4008
2021-12-31,3920197,2926964,6847161,1768,1349,3117
2022-01-01,3921631,2927997,6849628,1434,1033,2467
2022-01-02,3922941,2928986,6851927,1310,989,2299
2022-01-03,3924198,2930057,6854255,1257,1071,2328
2022-01-04,3925657,2931263,6856920,1459,1206,2665
2022-01-05,3927325,2932331,6859656,1668,1068,2736
2022-01-06,3928627,2933274,6861901,1302,943,2245
2022-01-07,3929686,2934158,6863844,1059,884,1943
2022-01-08,3930577,2934920,6865497,891,762,1653
2022-01-09,3931462,2935664,6867126,885,744,1629
2022-01-10,3932346,2936502,6868848,884,838,1722
2022-01-11,3933187,2937253,6870440,841,751,1592
2022-01-12,3933982,2937983,6871965,795,730,1525
2022-01-13,3934711,2938697,6873408,729,714,1443
2022-01-14,3935391,2939412,6874803,680,715,1395
2022-01-15,3935965,2940030,6875995,574,618,1192
2022-01-16,3936585,2940610,6877195,620,580,1200
2022-01-17,3937386,2941110,6878496,801,500,1301
2022-01-18,3937931,2941619,6879550,545,509,1054
2022-01-19,3938493,2942170,6880663,562,551,1113
2022-01-20,3939044,2942762,6881806,551,592,1143
2022-01-21,3939878,2943321,6883199,834,559,1393
2022-01-22,3940472,2943853,6884325,594,532,1126
2022-01-23,3940945,2944328,6885273,473,475,948
2022-01-24,3941376,2944872,6886248,431,544,975
2022-01-25,3942065,2945409,6887474,689,537,1226
2022-01-26,3942670,2945878,6888548,605,469,1074
2022-01-27,3943082,2946460,6889542,412,582,994
2022-01-28,3943715,2946960,6890675,633,500,1133
2022-01-29,3944089,2947447,6891536,374,487,861
2022-01-30,3944384,2947901,6892285,295,454,749
2022-01-31,3944745,2948438,6893183,361,537,898
2022-02-01,3945121,2948935,6894056,376,497,873
2022-02-02,3945433,2949463,6894896,312,528,840
2022-02-03,3945744,2949970,6895714,311,507,818
2022-02-04,3946048,2950454,6896502,304,484,788
2022-02-05,3946308,2950935,6897243,260,481,741
2022-02-06,3946535,2951410,6897945,227,475,702
2022-02-07,3946823,2951872,6898695,288,462,750
2022-02-08,3947067,2952288,6899355,244,416,660
2022-02-09,3947374,2952732,6900106,307,444,751
2022-02-10,3947646,2953152,6900798,272,420,692
2022-02-11,3947882,2953583,6901465,236,431,667
2022-02-12,3948084,2953967,6902051,202,384,586
2022-02-13,3948294,2954327,6902621,210,360,570
2022-02-14,3948536,2954671,6903207,242,344,586
2022-02-15,3948745,2955029,6903774,209,358,567
2022-02-16,3948973,2955364,6904337,228,335,563
2022-02-17,3949208,2955662,6904870,235,298,533
2022-02-18,3949411,2955988,6905399,203,326,529
2022-02-19,3949566,2956310,6905876,155,322,477
2022-02-20,3949728,2956589,6906317,162,279,441
2022-02-21,3949907,2956891,6906798,179,302,481
2022-02-22,3950118,2957249,6907367,211,358,569
2022-02-23,3950309,2957620,6907929,191,371,562
2022-02-24,3950703,2957954,6908657,394,334,728
2022-02-25,3951323,2958308,6909631,620,354,974
2022-02-26,3951482,2958639,6910121,159,331,490
2022-02-27,3951663,2958919,6910582,181,280,461
2022-02-28,3951871,2959232,6911103,208,313,521
2022-03-01,3952055,2959568,6911623,184,336,520
2022-03-02,3952207,2959879,6912086,152,311,463
2022-03-03,3952368,2960181,6912549,161,302,463
2022-03-04,3952560,2960459,6913019,192,278,470
2022-03-05,3952694,2960725,6913419,134,266,400
2022-03-06,3952837,2961004,6913841,143,279,422
2022-03-07,3953008,2961270,6914278,171,266,437
2022-03-08,3953180,2961577,6914757,172,307,479
2022-03-09,3953377,2961878,6915255,197,301,498
2022-03-10,3953534,2962193,6915727,157,315,472
2022-03-11,3953667,2962494,6916161,133,301,434
2022-03-12,3953814,2962796,6916610,147,302,449
2022-03-13,3953961,2963058,6917019,147,262,409
2022-03-14,3954105,2963343,6917448,144,285,429
2022-03-15,3954274,2963598,6917872,169,255,424
2022-03-16,3954425,2963857,6918282,151,259,410
2022-03-17,3954587,2964118,6918705,162,261,423
2022-03-18,3954732,2964392,6919124,145,274,419
2022-03-19,3954862,2964673,6919535,130,281,411
2022-03-20,3954996,2964929,6919925,134,256,390
2022-03-21,3955126,2965203,6920329,130,274,404
2022-03-22,3955268,2965512,6920780,142,309,451
2022-03-23,3955442,2965809,6921251,174,297,471
2022-03-24,3955590,2966109,6921699,148,300,448
2022-03-25,3955720,2966422,6922142,130,313,443
2022-03-26,3955862,2966726,6922588,142,304,446
2022-03-27,3956002,2967020,6923022,140,294,434
2022-03-28,3956145,2967330,6923475,143,310,453
2022-03-29,3956296,2967629,6923925,151,299,450
2022-03-30,3956454,2967962,6924416,158,333,491
2022-03-31,3956605,2968319,6924924,151,357,508
2022-04-01,3956988,2968652,6925640,383,333,716
2022-04-02,3957155,2968951,6926106,167,299,466
2022-04-03,3957301,2969240,6926541,146,289,435
2022-04-04,3957490,2969576,6927066,189,336,525
2022-04-05,3957668,2969928,6927596,178,352,530
2022-04-06,3957842,2970276,6928118,174,348,522
2022-04-07,3958017,2970566,6928583,175,290,465
2022-04-08,3958169,2970896,6929065,152,330,482
2022-04-09,3958305,2971215,6929520,136,319,455
2022-04-10,3958458,2971482,6929940,153,267,420
2022-04-11,3958628,2971771,6930399,170,289,459
2022-04-12,3958796,2972102,6930898,168,331,499
2022-04-13,3958971,2972439,6931410,175,337,512
2022-04-14,3959136,2972771,6931907,165,332,497
2022-04-15,3959284,2973049,6932333,148,278,426
2022-04-16,3959421,2973331,6932752,137,282,419
2022-04-17,3959568,2973561,6933129,147,230,377
2022-04-18,3959738,2973860,6933598,170,299,469
2022-04-19,3959944,2974151,6934095,206,291,497
2022-04-20,3960133,2974426,6934559,189,275,464
2022-04-21,3960313,2974688,6935001,180,262,442
2022-04-22,3960477,2974976,6935453,164,288,452
2022-04-23,3960644,2975240,6935884,167,264,431
2022-04-24,3960794,2975493,6936287,150,253,403
2022-04-25,3960973,2975776,6936749,179,283,462
2022-04-26,3961122,2976051,6937173,149,275,424
2022-04-27,3961298,2976338,6937636,176,287,463
2022-04-28,3961482,2976627,6938109,184,289,473
2022-04-29,3961629,2976879,6938508,147,252,399
2022-04-30,3961759,2977147,6938906,130,268,398
2022-05-01,3961906,2977381,6939287,147,234,381
2022-05-02,3962059,2977641,6939700,153,260,413
2022-05-03,3962244,2977880,6940124,185,239,424
2022-05-04,3962414,2978160,6940574,170,280,450
2022-05-05,3962582,2978447,6941029,168,287,455
2022-05-06,3962742,2978790,6941532,160,343,503
2022-05-07,3962886,2979048,6941934,144,258,402
2022-05-08,3963032,2979281,6942313,146,233,379
2022-05-09,3963170,2979544,6942714,138,263,401
2022-05-10,3963340,2979798,6943138,170,254,424
2022-05-11,3963483,2980069,6943552,143,271,414
2022-05-12,3963631,2980307,6943938,148,238,386
2022-05-13,3963785,2980557,6944342,154,250,404
2022-05-14,3963910,2980837,6944747,125,280,405
2022-05-15,3964046,2981058,6945104,136,221,357
2022-05-16,3964214,2981320,6945534,168,262,430
2022-05-17,3964384,2981589,6945973,170,269,439
2022-05-18,3964542,2981850,6946392,158,261,419
2022-05-19,3964685,2982118,6946803,143,268,411
2022-05-20,3964838,2982393,6947231,153,275,428
2022-05-21,3964970,2982606,6947576,132,213,345
2022-05-22,3965136,2982854,6947990,166,248,414
2022-05-23,3965261,2983049,6948310,125,195,320
2022-05-24,3965417,2983281,6948698,156,232,388
2022-05-25,3965579,2983522,6949101,162,241,403
2022-05-26,3965732,2983778,6949510,153,256,409
2022-05-27,3965886,2984027,6949913,154,249,403
2022-05-28,3966022,2984242,6950264,136,215,351
2022-05-29,3966164,2984473,6950637,142,231,373
2022-05-30,3966294,2984746,6951040,130,273,403
2022-05-31,3966550,2985011,6951561,256,265,521
2022-06-01,3966719,2985296,6952015,169,285,454
2022-06-02,3966864,2985552,6952416,145,256,401
2022-06-03,3966992,2985799,6952791,128,247,375
2022-06-04,3967138,2986026,6953164,146,227,373
2022-06-05,3967277,2986244,6953521,139,218,357
2022-06-06,3967455,2986504,6953959,178,260,438
2022-06-07,3967607,2986765,6954372,152,261,413
2022-06-08,3967795,2987047,6954842,188,282,470
2022-06-09,3968757,2987312,6956069,962,265,1227
2022-06-10,3968917,2987589,6956506,160,277,437
2022-06-11,3969054,2987834,6956888,137,245,382
2022-06-12,3969160,2988092,6957252,106,258,364
